00:00  12-JUL-2024   60   24   64
 25043  L    0.0    0.0    0.0    0.0    0.0    0.0    0.0    0.0    0.0    0.0    0.0    0.0    0.0    0.0    0.0    0.0    0.0    0.0    0.0    0.0    0.0    0.0    0.0    0.0
 25044  L    0.0    0.0    0.0    0.0    0.0    0.0    0.0    0.0    0.0    0.0    0.0    0.0    0.0    0.0    0.0    0.0    0.0    0.0    0.0    0.0    0.0    0.0    0.0    0.0
 25118  G   -0.7  -25.0  -25.0    0.0    0.0  -25.0  -25.0  -25.0  -25.0  -25.0  -25.0  -23.4  -25.0  -25.0  -16.7  -25.0  -25.0    0.0    0.0    0.0    0.0    0.0    0.0    0.0
 25119  G   -0.7  -25.0  -25.0    0.0    0.0  -25.0  -25.0  -25.0  -25.0  -25.0  -25.0  -23.4  -25.0  -25.0  -16.7  -25.0  -25.0    0.0    0.0    0.0    0.0    0.0    0.0    0.0
 25242  L   50.0   50.0   50.0   50.0   50.0   50.0   50.0   50.0   50.0   50.0   50.0   50.0   50.0   50.0   50.0   50.0   50.0   50.0   50.0   50.0   50.0   50.0   50.0   50.0
 25370  L  318.3  324.7  347.0  347.0  347.0  292.6  290.2  338.9  337.9  316.8  287.8  266.5  277.7  275.9  232.4  209.4  180.7  175.7  182.1  293.0  302.0  294.7  300.4  341.9
 25371  L  318.3  324.7  347.0  347.0  347.0  292.6  290.2  338.9  337.9  316.8  287.8  266.5  277.7  275.9  232.4  209.4  180.7  175.7  182.1  293.0  302.0  294.7  300.4  341.9
 25590  G  -13.9  -13.8  -13.2  -12.8  -12.6  -12.7  -13.3  -14.7  -16.4  -17.8  -19.1  -20.1  -20.6  -20.6  -20.8  -20.9  -21.0  -21.0  -20.6  -20.2  -20.3  -19.7  -18.1  -16.4
 25593  L    0.0    0.0    0.0    0.0    0.0    0.0    0.0    0.0    0.0    0.0    0.0    0.0    0.0    0.0    0.0    0.0    0.0    0.0    0.0    0.0    0.0    0.0    0.0    0.0
 25598  L    0.0    0.0    0.0    0.0    0.0    0.0    0.0    0.0    0.0    0.0    0.0    0.0    0.0    0.0    0.0    0.0   -0.1   -0.1   -0.1   -0.1   -0.1    0.0    0.0    0.0
 25599  G   59.2  178.2  191.0  191.0  191.0  191.0  191.0  185.0 -293.7 -292.7 -251.0 -280.4 -304.6 -218.4 -237.6 -237.6 -237.6 -237.6 -237.6 -237.6 -237.6 -343.0 -185.0 -142.5
 25604  G -105.5  -99.4  -94.8  -91.8  -90.4  -91.5  -95.4 -106.0 -105.5 -111.4 -156.3 -123.9 -131.5 -162.5 -163.4 -169.5 -166.7 -167.1 -165.6 -163.1 -156.3 -116.8 -149.6 -143.9
 25607  L    0.0    0.0    0.0    0.0    0.0    0.0    0.0    0.0    0.0    0.0    0.0    0.0    0.0    0.0    0.0    0.0    0.0    0.0    0.0    0.0    0.0    0.0    0.0    0.0
 25621  G   56.9   69.2   79.0   79.0   79.0   71.0   63.0   55.0   49.2   48.7   47.0   47.6   35.9   47.6   47.6   47.3   47.9   51.4   48.9   49.8   50.2   55.3   51.4   45.0
 25622  G   59.5   72.0   82.0   82.0   82.0   74.3   66.5   58.8   53.0   52.6   51.0   51.5   39.6   51.5   51.6   51.3   51.8   55.1   52.7   53.6   54.0   59.1   54.6   47.9
 25623  G   60.5   58.0   56.0   56.0   56.0   67.8   79.5   91.3   85.6   87.3   93.0   91.0   93.0   91.0   90.8   91.9   90.0   78.1   86.7   83.6   82.2   90.2   80.5   71.6
 25624  G   64.9   62.7   61.0   61.0   61.0   74.0   87.0   93.0   85.6   87.3   93.0   91.0   93.0   91.0   90.8   91.9   90.0   78.1   86.7   83.6   82.2   91.9   87.4   76.9
 25626  G   88.1   80.8   75.0   75.0   75.0   99.5  124.0  148.5  158.8  162.0  174.1  169.3  173.7  169.2  168.8  170.8  167.2  144.6  160.9  155.1  152.4  146.5  128.1  111.9
 25630  L   12.0   12.0   12.0   12.0   12.0   12.0   12.0   12.0   12.0   12.0   12.0   12.0   12.0   12.0   12.0   12.0   12.0   12.0   12.0   12.0   12.0   12.0   12.0   12.0
 25631  L    0.0    0.0    0.0    0.0    0.0    0.0    0.0    0.0    0.0    0.0    0.0    0.0    0.0    0.0    0.0    0.0    0.0    0.0    0.0    0.0    0.0    0.0    0.0    0.0
 25632  L    5.0    5.0    5.0    5.0    5.0    5.0    5.0    5.0    5.0    5.0    5.0    5.0    5.0    5.0    5.0    5.0    5.0    5.0    5.0    5.0    5.0    5.0    5.0    5.0
 25633  L    1.0    1.0    1.0    1.0    1.0    1.0    1.0    1.0    1.0    1.0    1.0    1.0    1.0    1.0    1.0    1.0    1.0    1.0    1.0    1.0    1.0    1.0    1.0    1.0
 25639  G -207.9 -200.8 -184.6 -173.0 -162.0 -156.8 -180.0 -208.5 -215.4 -216.0 -197.5 -165.4 -128.7 -152.9 -142.3 -128.6 -128.7 -128.9 -135.3 -136.0 -139.1 -141.7 -204.8 -209.5
 25640  G -198.5 -189.6 -169.3 -154.7 -140.9 -134.7 -164.0 -200.0 -214.5 -215.1 -196.6 -164.5 -127.9 -152.1 -141.5 -127.8 -128.0 -128.2 -134.5 -135.2 -138.3 -134.5 -194.9 -200.6
 25641  L -106.5 -109.3 -119.0 -119.0 -119.0  -95.2  -94.2 -115.5 -115.1 -105.8  -93.1  -83.8  -88.7  -87.9  -68.9  -58.9  -46.3  -44.1  -47.0  -95.5  -99.4  -96.2  -98.6 -116.7
 25649  G -128.3 -122.6 -118.0 -118.0 -118.0 -130.3 -142.5 -154.8 -159.5 -161.2 -170.1 -165.0 -169.6 -165.0 -164.8 -165.9 -164.0 -152.0 -160.6 -157.6 -156.1 -153.7 -146.7 -141.1
 25650  G -128.3 -122.6 -118.0 -118.0 -118.0 -130.3 -142.5 -154.8 -159.5 -161.2 -170.1 -165.0 -169.6 -165.0 -164.8 -165.9 -164.0 -152.0 -160.6 -157.6 -156.1 -153.7 -146.7 -141.1
 25678  G  228.9  228.9  228.9  227.9  228.9  228.9  228.9  228.9  227.9  228.9  161.0  228.9  189.8  161.0  161.0  161.0  161.0  161.0  161.0  161.0  161.0  161.0  161.0  228.9
 25679  G  308.3  308.5  308.6  309.2  308.9  308.4  309.1  308.6  309.2  308.9  280.7  308.0  307.3  150.5  132.9   78.4  107.1  102.0   52.1   42.6   40.9  305.7  235.0  309.1
 25793  G -190.0 -166.1 -157.3 -151.1 -145.1 -153.0 -177.5 -190.0 -190.0 -190.0 -190.0 -190.0 -190.0 -190.0 -190.0 -190.0 -190.0 -190.0 -190.0 -190.0 -190.0 -190.0 -190.0 -190.0
 25794  G -190.0 -163.2 -153.4 -146.3 -139.7 -144.7 -168.0 -190.0 -190.0 -190.0 -190.0 -190.0 -190.0 -190.0 -190.0 -190.0 -190.0 -190.0 -190.0 -190.0 -190.0 -190.0 -190.0 -190.0
 70573  L  -76.0  -78.0  -85.0  -85.0  -85.0  -68.0  -67.3  -82.5  -82.2  -75.6  -66.5  -59.8  -63.3  -62.8  -49.2  -42.0  -33.1  -31.5  -33.5  -68.2  -71.0  -68.7  -70.4  -83.4
 70574  L  -76.0  -78.0  -85.0  -85.0  -85.0  -68.0  -67.3  -82.5  -82.2  -75.6  -66.5  -59.8  -63.3  -62.8  -49.2  -42.0  -33.1  -31.5  -33.5  -68.2  -71.0  -68.7  -70.4  -83.4
 70575  L  -76.0  -78.0  -85.0  -85.0  -85.0  -68.0  -67.3  -82.5  -82.2  -75.6  -66.5  -59.8  -63.3  -62.8  -49.2  -42.0  -33.0  -31.5  -33.5  -68.2  -71.0  -68.7  -70.4  -83.4
 70700  L   16.0   16.0   16.0   16.0   16.0   16.0   16.0   16.0   16.0   16.0   16.0   16.0   16.0   16.0   16.0   16.0   16.0   16.0   16.0   16.0   16.0   16.0   16.0   16.0
 70701  L   16.0   16.0   16.0   16.0   16.0   16.0   16.0   16.0   16.0   16.0   16.0   16.0   16.0   16.0   16.0   16.0   16.0   16.0   16.0   16.0   16.0   16.0   16.0   16.0
 70703  L  -60.0  -60.0  -60.0  -60.0  -60.0  -60.0  -60.0  -60.0  -60.0  -60.0  -60.0  -60.0  -60.0  -60.0  -60.0  -60.0  -60.0  -60.0  -60.0  -60.0  -60.0  -60.0  -60.0  -60.0
 70704  L  -60.0  -60.0  -60.0  -60.0  -60.0  -60.0  -60.0  -60.0  -60.0  -60.0  -60.0  -60.0  -60.0  -60.0  -60.0  -60.0  -60.0  -60.0  -60.0  -60.0  -60.0  -60.0  -60.0  -60.0
 70705  L  -31.4  -34.3  -39.2  -40.2  -40.2  -25.3  -29.5  -55.6  -54.0  -52.3  -61.6  -59.2  -57.7  -59.8  -51.4  -53.1  -48.0  -50.3  -49.2  -73.8  -67.9  -64.5  -63.4  -50.7
 70706  L  -34.3  -37.7  -43.4  -44.5  -44.5  -27.3  -32.2  -60.3  -58.6  -56.6  -67.3  -64.6  -62.8  -65.2  -55.5  -57.5  -51.6  -54.2  -53.0  -81.4  -74.6  -70.7  -69.4  -56.6
 70707  L  -46.3  -51.5  -60.3  -62.1  -62.1  -35.4  -43.1  -79.8  -77.1  -74.0  -90.5  -86.3  -83.5  -87.3  -72.3  -75.4  -66.3  -70.3  -68.5 -112.5 -101.9  -95.9  -93.8  -80.9
 70709  L    0.0    0.0    0.0    0.0    0.0    0.0    0.0    0.0    0.0    0.0    0.0    0.0    0.0    0.0    0.0    0.0    0.0    0.0    0.0    0.0    0.0    0.0    0.0    0.0
 70710  L    0.0    0.0    0.0    0.0    0.0    0.0    0.0    0.0    0.0    0.0    0.0    0.0    0.0    0.0    0.0    0.0    0.0    0.0    0.0    0.0    0.0    0.0    0.0    0.0
 70711  L  -23.0  -24.6  -27.3  -27.8  -27.8  -19.6  -22.0  -41.9  -41.1  -40.1  -45.3  -44.0  -43.1  -44.3  -39.6  -40.6  -37.8  -39.0  -38.4  -52.0  -48.8  -46.9  -46.3  -33.6
325270  L  -83.0  -83.0  -83.0  -83.0  -83.0  -83.0  -83.0  -83.0  -83.0  -83.0  -83.0  -83.0  -83.0  -83.0  -83.0  -83.0  -83.0  -83.0  -83.0  -83.0  -83.0  -83.0  -83.0  -83.0
325309  L   18.0   18.0   18.0   18.0   18.0   18.0   18.0   18.0   18.0   18.0   18.0   18.0   18.0   18.0   18.0   18.0   18.0   18.0   18.0   18.0   18.0   18.0   18.0   18.0
325712  G  -50.0  -50.0  -50.0  -50.0  -50.0  -50.0  -50.0  -50.0  -50.0  -75.0  -66.3  -52.3  -75.0   -8.0   56.8   60.2   53.1   51.8   22.3    1.4  -13.4   64.4   75.0   75.0
325750  G  106.1  102.7  100.0  100.0  100.0  108.0  116.0  124.0  127.1  128.2  133.6  130.7  133.3  130.7  130.6  131.3  130.0  122.2  127.9  125.8  124.9  123.3  118.4  114.3
325751  G  106.1  102.7  100.0  100.0  100.0  108.0  116.0  124.0  127.1  128.2  133.6  130.7  133.3  130.7  130.6  131.3  130.0  122.2  127.9  125.8  124.9  123.3  118.4  114.3
325813  L    0.0    0.0    0.0    0.0    0.0    0.0    0.0    0.0    0.0    0.0    0.0    0.0    0.0    0.0    0.0    0.0    0.0    0.0    0.0    0.0    0.0    0.0    0.0    0.0
325848  G   36.2   22.8   12.0   12.0   12.0  -11.8  -22.4  -20.4  -18.4  -16.9  -14.8  -14.7  -12.7  -12.7  -13.5  -16.1  -16.6  -19.5  -20.7  -20.2  -20.9  -18.4  -18.2   21.5
325918  G    9.0    9.0    9.0    9.0    9.0   12.3   15.5   18.8   22.0   22.0   22.0   22.0   22.0   22.0   22.0   22.0   22.0   22.0   22.0   22.0   22.0   18.8   15.5   12.3
325930  L   58.6   53.7   50.6   46.0   52.6   43.5   45.4   55.4   52.3   56.5   59.2   64.4   67.8   72.3   80.2   78.3   86.1   84.7   83.0   79.7   76.1   76.8   72.4   82.1
325931  L   73.0   73.0   73.0   73.0   73.0   75.5   78.0   80.5   83.0   83.0   83.0   83.0   83.0   83.0   83.0   83.0   83.0   83.0   83.0   83.0   83.0   80.5   78.0   75.5
326071  L    0.0    0.0    0.0    0.0    0.0    0.0    0.0    0.0    0.0    0.0    0.0    0.0    0.0    0.0    0.0    0.0    0.0    0.0    0.0    0.0    0.0    0.0    0.0    0.0
326893  G -116.6 -110.2 -105.0 -105.0 -105.0 -105.0 -105.0 -105.0  -92.8  -95.6  -94.2 -101.8 -112.1 -101.7 -101.4 -103.1 -100.0  -80.6  -94.6  -89.6  -87.3 -103.2 -111.7 -119.3
327073  L    0.0    0.0    0.0    0.0    0.0    0.0    0.0    0.0    0.0    0.0    0.0    0.0    0.0    0.0    0.0    0.0    0.0    0.0    0.0    0.0    0.0    0.0    0.0    0.0
327181  L    0.0    0.0    0.0    0.0    0.0    0.0    0.0    0.0    0.0    0.0    0.0    0.0    0.0    0.0    0.0    0.0    0.0    0.0    0.0    0.0    0.0    0.0    0.0    0.0
327328  L    0.0    0.0    0.0    0.0    0.0    0.0    0.0    0.0    0.0    0.0    0.0    0.0    0.0    0.0    0.0    0.0    0.0    0.0    0.0    0.0    0.0    0.0    0.0    0.0
327435  L    0.0    0.0    0.0    0.0    0.0    0.0    0.0    0.0    0.0    0.0    0.0    0.0    0.0    0.0    0.0    0.0    0.0    0.0    0.0    0.0    0.0    0.0    0.0    0.0
327480  G  255.0  255.0  255.0  255.0  255.0  255.0  255.0  419.0  419.0  419.0  419.0  419.0  419.0  419.0  419.0  419.0  419.0  419.0  419.0  419.0  419.0  419.0  419.0  255.0
327489  L    0.0    0.0    0.0    0.0    0.0    0.0    0.0    0.0    0.0    0.0    0.0    0.0    0.0    0.0    0.0    0.0    0.0    0.0    0.0    0.0    0.0    0.0    0.0    0.0
625028  L    0.0    0.0    0.0    0.0    0.0    0.0    0.0    0.0    0.0    0.0    0.0    0.0    0.0    0.0    0.0    0.0    0.0    0.0    0.0    0.0    0.0    0.0    0.0    0.0
625052  G -106.9  -99.8  -94.0  -94.0  -94.0  -94.0  -94.0  -94.0  -82.3  -84.9  -83.6  -90.9 -101.9  -90.8  -90.6  -92.2  -89.2  -70.5  -84.0  -79.2  -76.9  -92.2 -101.5 -109.9